20 -178
32 -172
32 -179
36 -158
14 -58
25 -170
9 -57
8 -58
20 -66
6 -56
17 -53
29 -44
27 -44
15 -44
12 -45
24 -53
24 -43
28 -51
24 -40
12 -112
22 -98
28 -114
37 -145
31 -117
28 -112
23 -82
32 -113
12 -54
14 -179
29 -140
27 -107
24 -108
29 -110
32 -107
19 -115
27 -65
28 -121
12 -101
18 -112
29 -108
18 -91
11 -126
27 -101
18 -115
27 -132
23 -127
15 -123
31 -120
20 -178
12 176
17 -150
57 -162
18 173
12 175
11 173
27 -56
28 -62
41 -101
36 -118
28 -123
28 -135
22 -138
32 -129
20 -150
23 -127
19 -114
16 -112
16 -107
55 -151
17 -174
12 -97
29 -111
9 -124
30 -109
16 -101
16 -102
21 -118
45 -153
44 -163
29 -158
31 -157
27 -167
26 -158
32 -173
41 -167
36 -66
33 -78
32 150
42 -63
30 -150
28 -160
53 -152
28 -166
29 -98
31 -100
42 -112
32 -93
23 -138
24 -136
27 -163
26 -97
26 -60
36 -101
25 -98
24 -85
27 -107
34 -87
15 -51
33 -55
32 -165
25 -161
16 -148
34 -158
36 -157
27 -160
40 -159
52 -164
52 -173
50 -153
43 -173
42 173
35 173
45 176
54 -163
36 -174
44 179
30 180
27 180
18 -170
27 -175
37 161
41 176
35 -161
22 179
52 175
41 -178
33 165
39 -173
28 180
47 -177
39 -141
18 177
28 172
44 176
48 -165
21 -138
9 -68
38 178
26 -67
34 176
15 -55
31 -118
34 -40
29 167
24 -117
18 -177
32 -176
44 -140
35 -57
21 173
28 -68
37 -54
38 -65
36 -80
53 157
26 -143
33 -67
33 156
42 156
35 -178
50 -165
37 -178
37 175
42 -170
46 170
48 173
47 -176
46 173
54 172
26 -60
26 -115
28 -46
50 -150
34 -70
38 -57
32 -170
52 175
37 -41
48 -143
44 -135
47 -137
41 -138
48 -140
35 -143
29 -138
40 -163
38 -140
43 -154
45 -138
52 -148
39 -160
15 -58
11 -55
8 -59
18 -49
16 -78
36 -58
27 -129
28 -131
32 -50
28 -60
22 -43
16 -44
13 -49
13 -67
15 -70
18 -40
19 -120
22 -46
15 -60
18 -55
20 -40
15 -43
16 -50
15 -60
14 -62
13 -60
11 -165
18 -70
10 -56
37 -65
18 -63
35 -55
24 -159
26 -84
22 -69
16 -90
39 -125
34 -121
29 -123
33 -138
19 -143
19 -150
18 -154
32 -142
26 -134
33 -138
27 -135
51 -146
29 -141
27 -147
37 -158
15 -160
32 -149
38 -165
32 -172
20 -145
34 -157
40 -150
42 -154
42 -144
35 -159
27 -139
47 -151
14 -54
9 -119
10 -110
6 -106
6 -114
17 -82
33 -117
34 -92
24 -90
47 -178
37 166
23 -85
30 -90
22 -91
36 -179
34 -78
30 -108
19 -109
38 -135
50 165
41 167
17 -139
20 -131
31 -131
25 -135
18 -138
23 -140
23 163
27 -150
19 -177
30 -140
23 -152
28 -130
24 -106
35 -105
33 -107
17 -101
19 -99
28 -100
31 -92
21 -96
30 -87
19 -105
18 -104
30 177
17 -106
19 -108
32 -127
27 -113
24 -107
27 -118
21 -114
34 -105
24 -119
31 -110
30 -101
39 -112
14 -110
34 -117
32 -108
23 -111
32 -110
16 -113
8 -116
21 -61
27 -57
13 -99
29 -163
24 -171
31 -178
16 -168
17 -177
30 177
29 172
18 173
18 165
43 -113
33 -128
41 -120
31 -125
41 -115
35 -122
36 -115
24 -115
22 -121
16 -105
17 -92
27 -108
25 -111
20 -109
28 -118
20 -130
16 -79
51 156
29 -51
40 154
46 175
43 -177
39 159
37 -140
7 -111
32 -159
36 -94
36 -113
35 -110
37 -118
36 -121
37 -127
38 -132
23 -114
29 -161
35 -112
18 -117
23 -146
27 177
26 -175
38 -162
37 -120
38 -118
37 -56
36 -48
32 -36
37 173
49 -167
35 -66
22 -53
8 -48
39 162
21 -67
48 173
6 -61
12 -46
12 -56
22 -45
10 -49
6 -52
13 -55
14 -37
23 -39
19 -168
17 -179
21 180
28 -41
29 -49
28 170
36 -149
34 -49
28 164
30 171
28 -57
19 -177
20 -43
23 -41
24 -45
23 -173
29 173
28 164
35 -173
25 174
36 165
31 161
41 167
23 177
43 -158
38 -155
16 -130
37 -139
17 -45
49 -116
54 -145
33 -140
49 -137
45 -124
34 -127
50 -126
23 -158
25 -52
17 -171
13 -172
22 -74
25 178
43 180
34 178
47 152
41 -59
50 -137
53 -130
46 -119
26 -155
18 -169
28 -95
41 156
24 -160
31 172
34 163
33 180
29 151
24 -168
14 -58
22 -50
26 -48
14 -54
17 -59
8 -53
37 159
27 -51
29 -71
25 -104
46 -172
32 148
36 -70
25 -71
23 -121
38 -42
26 167
47 162
39 150
36 -50
23 -116
10 -53
20 -108
28 160
36 165
43 170
30 175
48 -178
27 175
37 167
30 161
27 -88
33 159
40 159
38 168
51 152
41 158
30 157
44 167
41 164
32 159
50 178
47 167
31 163
14 -99
15 -94
39 160
36 156
42 163
42 -177
41 177
33 169
42 163
17 -106
19 -98
30 -118
33 -160
52 169
36 167
32 155
47 -160
31 149
31 -176
34 149
28 -176
40 -156
46 -171
37 -156
21 -170
10 -103
41 -139
27 -145
35 -137
29 -130
21 -149
25 -145
21 -70
17 -66
20 -63
23 -66
24 -66
22 -75
23 -64
