0 0
1 0
2 0
3 0
4 4
5 0
6 4
7 4
8 4
9 4
10 4
11 4
12 4
13 4
14 4
15 4
16 4
17 4
18 4
19 4
20 4
21 4
22 4
23 4
24 4
25 4
26 4
27 4
28 0
29 4
30 4
31 4
32 4
33 4
34 4
35 4
36 4
37 4
38 4
39 4
40 4
41 4
42 4
43 4
44 4
45 4
46 4
47 4
48 0
49 0
50 4
51 0
52 0
53 0
54 0
55 4
56 4
57 4
58 4
59 4
60 4
61 4
62 4
63 0
64 4
65 4
66 4
67 4
68 0
69 0
70 4
71 4
72 4
73 4
74 4
75 4
76 4
77 0
78 0
79 0
80 0
81 0
82 0
83 0
84 0
85 4
86 4
87 0
88 4
89 0
90 0
91 0
92 0
93 4
94 4
95 4
96 4
97 0
98 0
99 0
100 4
101 4
102 4
103 4
104 4
105 4
106 4
107 4
108 4
109 0
110 0
111 0
112 0
113 0
114 0
115 0
116 0
117 0
118 0
119 0
120 0
121 0
122 0
123 0
124 0
125 0
126 0
127 0
128 0
129 0
130 0
131 0
132 0
133 0
134 0
135 0
136 0
137 0
138 0
139 0
140 0
141 0
142 0
143 0
144 0
145 0
146 4
147 0
148 4
149 0
150 4
151 0
152 4
153 0
154 0
155 0
156 0
157 0
158 4
159 0
160 4
161 4
162 4
163 4
164 0
165 0
166 4
167 0
168 0
169 0
170 0
171 0
172 0
173 0
174 0
175 0
176 0
177 0
178 0
179 4
180 0
181 4
182 0
183 4
184 4
185 0
186 0
187 4
188 0
189 0
190 0
191 0
192 0
193 0
194 0
195 0
196 0
197 0
198 0
199 0
200 0
201 4
202 4
203 4
204 4
205 4
206 4
207 0
208 0
209 4
210 4
211 4
212 4
213 4
214 4
215 4
216 4
217 0
218 4
219 4
220 4
221 4
222 4
223 4
224 4
225 4
226 4
227 0
228 4
229 4
230 4
231 4
232 4
233 0
234 4
235 4
236 236
237 0
238 0
239 0
240 0
241 0
242 0
243 0
244 0
245 0
246 0
247 0
248 0
249 0
250 0
251 0
252 0
253 0
254 0
255 0
256 0
257 0
258 0
259 0
260 0
261 0
262 0
263 0
264 4
265 236
266 236
267 236
268 236
269 236
270 236
271 236
272 236
273 0
274 0
275 236
276 236
277 236
278 0
279 236
280 236
281 236
282 0
283 0
284 0
285 0
286 0
287 0
288 0
289 0
290 0
291 0
292 0
293 0
294 0
295 0
296 236
297 236
298 236
299 236
300 236
301 236
302 236
303 236
304 236
305 236
306 236
307 236
308 0
309 236
310 236
311 236
312 236
313 236
314 236
315 236
316 236
317 236
318 236
319 236
320 236
321 236
322 236
323 236
324 236
325 236
326 236
327 236
328 4
329 4
330 236
331 0
332 0
333 0
334 0
335 0
336 0
337 0
338 0
339 0
340 236
341 236
342 236
343 236
344 236
345 236
346 236
347 236
348 236
349 236
350 236
351 236
352 236
353 236
354 236
355 236
356 4
357 0
358 4
359 0
360 0
361 0
362 0
363 236
364 236
365 236
366 236
367 236
368 236
369 236
370 236
371 236
372 236
373 236
374 236
375 236
376 236
377 236
378 0
379 0
380 0
381 236
382 236
383 4
384 4
385 4
386 0
387 0
388 4
389 4
390 4
391 0
392 4
393 0
394 4
395 4
396 4
397 4
398 4
399 4
400 4
401 4
402 4
403 0
404 0
405 0
406 4
407 4
408 0
409 236
410 4
411 0
412 0
413 4
414 0
415 4
416 4
417 4
418 0
419 0
420 0
421 0
422 0
423 0
424 0
425 0
426 0
427 236
428 236
429 236
430 236
431 4
432 236
433 236
434 236
435 236
436 236
437 236
438 236
439 0
440 4
441 0
442 0
443 4
444 0
445 0
446 0
447 0
448 4
449 236
450 236
451 236
452 0
453 0
454 4
455 0
456 0
457 0
458 0
459 0
460 0
461 0
462 4
463 4
464 4
465 4
466 4
467 4
468 0
469 4
470 4
471 4
472 0
473 0
474 4
475 4
476 4
477 477
478 0
479 0
480 0
481 477
482 4
483 477
484 4
485 0
486 0
487 0
488 0
489 0
490 0
491 0
492 0
493 4
494 0
495 0
496 0
497 0
498 0
499 0
500 0
501 0
502 0
503 0
504 0
505 0
506 4
507 4
508 0
509 0
510 0
511 0
512 0
513 0
514 0
515 4
516 4
517 236
518 236
519 0
520 0
521 0
522 236
523 0
524 236
525 0
526 236
527 236
528 236
529 236
530 530
531 4
532 236
533 236
534 236
535 236
536 236
537 236
538 477
539 477
540 477
541 477
542 477
543 477
544 477



-----------  0  -------------
0 20 -178
1 32 -172
2 32 -179
3 36 -158
5 25 -170
28 14 -179
48 20 -178
49 12 176
51 57 -162
52 18 173
53 12 175
54 11 173
63 20 -150
68 55 -151
69 17 -174
77 45 -153
78 44 -163
79 29 -158
80 31 -157
81 27 -167
82 26 -158
83 32 -173
84 41 -167
87 32 150
89 30 -150
90 28 -160
91 53 -152
92 28 -166
97 23 -138
98 24 -136
99 27 -163
109 32 -165
110 25 -161
111 16 -148
112 34 -158
113 36 -157
114 27 -160
115 40 -159
116 52 -164
117 52 -173
118 50 -153
119 43 -173
120 42 173
121 35 173
122 45 176
123 54 -163
124 36 -174
125 44 179
126 30 180
127 27 180
128 18 -170
129 27 -175
130 37 161
131 41 176
132 35 -161
133 22 179
134 52 175
135 41 -178
136 33 165
137 39 -173
138 28 180
139 47 -177
140 39 -141
141 18 177
142 28 172
143 44 176
144 48 -165
145 21 -138
147 38 178
149 34 176
151 31 -118
153 29 167
154 24 -117
155 18 -177
156 32 -176
157 44 -140
159 21 173
164 53 157
165 26 -143
167 33 156
168 42 156
169 35 -178
170 50 -165
171 37 -178
172 37 175
173 42 -170
174 46 170
175 48 173
176 47 -176
177 46 173
178 54 172
180 26 -115
182 50 -150
185 32 -170
186 52 175
188 48 -143
189 44 -135
190 47 -137
191 41 -138
192 48 -140
193 35 -143
194 29 -138
195 40 -163
196 38 -140
197 43 -154
198 45 -138
199 52 -148
200 39 -160
207 27 -129
208 28 -131
217 19 -120
227 11 -165
233 24 -159
237 39 -125
238 34 -121
239 29 -123
240 33 -138
241 19 -143
242 19 -150
243 18 -154
244 32 -142
245 26 -134
246 33 -138
247 27 -135
248 51 -146
249 29 -141
250 27 -147
251 37 -158
252 15 -160
253 32 -149
254 38 -165
255 32 -172
256 20 -145
257 34 -157
258 40 -150
259 42 -154
260 42 -144
261 35 -159
262 27 -139
263 47 -151
273 47 -178
274 37 166
278 36 -179
282 38 -135
283 50 165
284 41 167
285 17 -139
286 20 -131
287 31 -131
288 25 -135
289 18 -138
290 23 -140
291 23 163
292 27 -150
293 19 -177
294 30 -140
295 23 -152
308 30 177
331 29 -163
332 24 -171
333 31 -178
334 16 -168
335 17 -177
336 30 177
337 29 172
338 18 173
339 18 165
357 51 156
359 40 154
360 46 175
361 43 -177
362 39 159
378 27 177
379 26 -175
380 38 -162
386 37 173
387 49 -167
391 39 162
393 48 173
403 19 -168
404 17 -179
405 21 180
408 28 170
411 28 164
412 30 171
414 19 -177
418 23 -173
419 29 173
420 28 164
421 35 -173
422 25 174
423 36 165
424 31 161
425 41 167
426 23 177
439 23 -158
441 17 -171
442 13 -172
444 25 178
445 43 180
446 34 178
447 47 152
452 26 -155
453 18 -169
455 41 156
456 24 -160
457 31 172
458 34 163
459 33 180
460 29 151
461 24 -168
468 37 159
472 46 -172
473 32 148
478 26 167
479 47 162
480 39 150
485 28 160
486 36 165
487 43 170
488 30 175
489 48 -178
490 27 175
491 37 167
492 30 161
494 33 159
495 40 159
496 38 168
497 51 152
498 41 158
499 30 157
500 44 167
501 41 164
502 32 159
503 50 178
504 47 167
505 31 163
508 39 160
509 36 156
510 42 163
511 42 -177
512 41 177
513 33 169
514 42 163
519 52 169
520 36 167
521 32 155
523 31 149
525 34 149



-----------  4  -------------
4 14 -58
6 9 -57
7 8 -58
8 20 -66
9 6 -56
10 17 -53
11 29 -44
12 27 -44
13 15 -44
14 12 -45
15 24 -53
16 24 -43
17 28 -51
18 24 -40
19 12 -112
20 22 -98
21 28 -114
22 37 -145
23 31 -117
24 28 -112
25 23 -82
26 32 -113
27 12 -54
29 29 -140
30 27 -107
31 24 -108
32 29 -110
33 32 -107
34 19 -115
35 27 -65
36 28 -121
37 12 -101
38 18 -112
39 29 -108
40 18 -91
41 11 -126
42 27 -101
43 18 -115
44 27 -132
45 23 -127
46 15 -123
47 31 -120
50 17 -150
55 27 -56
56 28 -62
57 41 -101
58 36 -118
59 28 -123
60 28 -135
61 22 -138
62 32 -129
64 23 -127
65 19 -114
66 16 -112
67 16 -107
70 12 -97
71 29 -111
72 9 -124
73 30 -109
74 16 -101
75 16 -102
76 21 -118
85 36 -66
86 33 -78
88 42 -63
93 29 -98
94 31 -100
95 42 -112
96 32 -93
100 26 -97
101 26 -60
102 36 -101
103 25 -98
104 24 -85
105 27 -107
106 34 -87
107 15 -51
108 33 -55
146 9 -68
148 26 -67
150 15 -55
152 34 -40
158 35 -57
160 28 -68
161 37 -54
162 38 -65
163 36 -80
166 33 -67
179 26 -60
181 28 -46
183 34 -70
184 38 -57
187 37 -41
201 15 -58
202 11 -55
203 8 -59
204 18 -49
205 16 -78
206 36 -58
209 32 -50
210 28 -60
211 22 -43
212 16 -44
213 13 -49
214 13 -67
215 15 -70
216 18 -40
218 22 -46
219 15 -60
220 18 -55
221 20 -40
222 15 -43
223 16 -50
224 15 -60
225 14 -62
226 13 -60
228 18 -70
229 10 -56
230 37 -65
231 18 -63
232 35 -55
234 26 -84
235 22 -69
264 14 -54
328 21 -61
329 27 -57
356 16 -79
358 29 -51
383 37 -56
384 36 -48
385 32 -36
388 35 -66
389 22 -53
390 8 -48
392 21 -67
394 6 -61
395 12 -46
396 12 -56
397 22 -45
398 10 -49
399 6 -52
400 13 -55
401 14 -37
402 23 -39
406 28 -41
407 29 -49
410 34 -49
413 28 -57
415 20 -43
416 23 -41
417 24 -45
431 17 -45
440 25 -52
443 22 -74
448 41 -59
454 28 -95
462 14 -58
463 22 -50
464 26 -48
465 14 -54
466 17 -59
467 8 -53
469 27 -51
470 29 -71
471 25 -104
474 36 -70
475 25 -71
476 23 -121
482 23 -116
484 20 -108
493 27 -88
506 14 -99
507 15 -94
515 17 -106
516 19 -98
531 10 -103



-----------  236  -------------
236 16 -90
265 9 -119
266 10 -110
267 6 -106
268 6 -114
269 17 -82
270 33 -117
271 34 -92
272 24 -90
275 23 -85
276 30 -90
277 22 -91
279 34 -78
280 30 -108
281 19 -109
296 28 -130
297 24 -106
298 35 -105
299 33 -107
300 17 -101
301 19 -99
302 28 -100
303 31 -92
304 21 -96
305 30 -87
306 19 -105
307 18 -104
309 17 -106
310 19 -108
311 32 -127
312 27 -113
313 24 -107
314 27 -118
315 21 -114
316 34 -105
317 24 -119
318 31 -110
319 30 -101
320 39 -112
321 14 -110
322 34 -117
323 32 -108
324 23 -111
325 32 -110
326 16 -113
327 8 -116
330 13 -99
340 43 -113
341 33 -128
342 41 -120
343 31 -125
344 41 -115
345 35 -122
346 36 -115
347 24 -115
348 22 -121
349 16 -105
350 17 -92
351 27 -108
352 25 -111
353 20 -109
354 28 -118
355 20 -130
363 37 -140
364 7 -111
365 32 -159
366 36 -94
367 36 -113
368 35 -110
369 37 -118
370 36 -121
371 37 -127
372 38 -132
373 23 -114
374 29 -161
375 35 -112
376 18 -117
377 23 -146
381 37 -120
382 38 -118
409 36 -149
427 43 -158
428 38 -155
429 16 -130
430 37 -139
432 49 -116
433 54 -145
434 33 -140
435 49 -137
436 45 -124
437 34 -127
438 50 -126
449 50 -137
450 53 -130
451 46 -119
517 30 -118
518 33 -160
522 47 -160
524 31 -176
526 28 -176
527 40 -156
528 46 -171
529 37 -156
532 41 -139
533 27 -145
534 35 -137
535 29 -130
536 21 -149
537 25 -145



-----------  477  -------------
477 38 -42
481 36 -50
483 10 -53
538 21 -70
539 17 -66
540 20 -63
541 23 -66
542 24 -66
543 22 -75
544 23 -64



-----------  530  -------------
530 21 -170
